alpha=0.500000
beta=0.100000
ntopics=50
ndocs=100
nwords=4558
liter=50
